<?xml version="1.0"?>
<opencv_storage>
<cameraMatrix type_id="opencv-matrix">
  <rows>3</rows>
  <cols>3</cols>
  <dt>d</dt>
  <data>
    3302.2783565778418 0. 2069.0183004023952 0. 3306.0094269717024
    1477.7122637941211 0. 0. 1.</data></cameraMatrix>
<distCoeffs type_id="opencv-matrix">
  <rows>1</rows>
  <cols>5</cols>
  <dt>d</dt>
  <data>
    0.30379387616703835 -2.5269656588579377 0.0021515396672977453
    0.010640014490892684 3.7597415341847675</data></distCoeffs>
</opencv_storage>
